0,693,1787,916,3935,2974,1315,2942,2530,32,3847,2962,1594,3772,942,1270,1130,227,3180,959,2752,701,3897,1169,2498,2736,3583,965,4062,103,2482,2796,2838,3406,1694,1969,723,3536,2352,4044,1321,2922,2938,2976,2847,3887,3657,3388,837,661
1420,3689,3323,3297,2980,1381,3047,3265,913,2735,2710,3692,3286,1349,2719,3866,3177,2403,553,370,768,731,191,2050,29,1847,1530,802,2034,2724,2208,3171,3405,3743,2791,3291,3122,2296,2265,3451,2317,2212,2956,1718,3382,762,711,3027,68,3826
593,1427,2938,2812,3176,2355,3101,2413,1768,1761,1579,342,3302,1201,306,3147,3056,1947,3716,3699,1306,277,3338,1915,4020,3823,1903,779,3678,725,3396,727,1774,2417,485,316,2179,2374,18,2907,3296,1768,2285,1695,3979,1733,712,2279,941,2046
3670,1377,3493,3967,618,44,1151,1770,276,2329,21,3599,145,2229,1009,1868,932,2631,1676,1733,3934,2658,100,3812,2038,169,1085,2502,3181,2864,2691,483,1904,1226,3581,602,472,2792,886,711,3218,3555,3559,1548,2392,2635,2178,3627,818,1344
1215,2430,2251,2882,0,2629,2487,1429,3111,3189,23,1380,1664,503,2730,1135,864,1121,3115,1606,2578,1772,1998,976,754,1276,822,3301,809,2799,721,1105,1539,1247,3642,3419,1610,662,1068,1132,2726,1773,3663,3034,3247,1771,793,1490,2550,3943
2740,2282,212,3269,3068,0,728,414,3444,1397,1351,3171,1652,3016,78,162,853,1068,1418,2157,2839,183,2104,1349,1933,2993,3281,3874,1873,3123,1339,442,1449,219,2308,1835,1670,2274,494,1300,3802,3164,1700,3896,1425,1749,3672,493,2342,1228
598,3050,1917,1622,663,3264,0,629,2952,2481,975,20,1248,2169,3943,1122,2170,247,3573,2899,2199,2030,624,1143,2157,2121,2214,3055,1028,2252,707,3872,2060,2934,4065,2975,2207,928,964,3169,222,1953,1358,2916,1874,3670,1656,1366,3906,983
3863,3971,254,3704,746,2193,3738,0,217,2987,726,3417,3401,2420,525,750,2769,2324,177,1328,2382,3251,1993,1744,3702,14,1193,2299,573,3237,1566,1485,187,1619,47,2738,2130,1216,1142,3749,2931,2829,3048,2520,1959,2548,1812,4029,3681,2610
519,1378,3752,2629,2301,3580,1912,3327,0,3314,231,2656,64,416,1142,3778,3340,1524,3737,690,3014,2668,801,2053,3211,1757,1951,1324,1384,2702,3488,968,1146,3362,1539,3163,3929,2705,1013,274,3467,652,605,770,3251,3530,456,2070,3545,3620
746,3679,3922,3225,2722,1573,3915,2163,1658,1049,3896,1783,849,3286,1767,3877,501,1312,3952,375,219,1773,1641,383,115,1531,3621,3594,1904,2316,2090,3151,2345,4019,3538,332,2136,2237,2672,3237,2889,2112,1664,2141,1164,2194,3603,3951,2538,92
3403,3764,3526,1753,1723,1856,1153,2390,1509,2037,955,2840,2623,2925,2583,1596,3737,4049,986,2240,3443,1581,744,1520,1652,1068,3685,2517,237,1625,2884,2828,2474,1722,1285,1716,632,3914,3086,892,1986,2875,2032,1137,614,693,1222,2942,1563,1243
4088,633,3919,1974,2073,1142,4057,1746,3436,3685,1929,2790,1768,471,2720,1753,402,2829,389,2055,2753,3815,654,3323,2931,3412,3285,3622,470,2506,3728,3003,764,875,3003,1107,3965,1730,2374,4091,4089,283,1474,1979,242,2524,3949,1978,738,1893
447,1583,3415,19,3611,312,1680,54,259,3883,3990,1710,3973,3986,1148,3704,1820,3488,1572,1608,3963,1886,389,2369,1137,3961,783,821,3162,1294,3256,2897,1060,1025,1111,3083,544,1413,101,1405,1322,2017,2092,290,3896,1633,673,266,2522,436
2398,2538,291,737,729,3057,1140,979,1256,2441,275,1033,2333,0,22,866,1000,3443,3549,2880,1208,2350,255,1867,3651,1444,2357,2434,3864,2026,55,1340,944,342,1082,67,590,990,38,3740,2084,2952,724,3153,493,3397,209,2105,3347,1433
2262,2701,3191,546,3560,3060,748,4018,62,824,1936,924,1394,2838,0,894,1424,728,1039,3605,1548,413,3685,3447,208,50,1419,2715,2423,1072,910,2115,1546,591,3460,1244,2770,3633,2591,3935,2316,3511,311,476,1690,3103,2430,3512,3425,2331
360,2612,1023,3884,1378,3091,2503,3606,3983,3229,9,4094,2309,1841,704,0,4037,3675,1398,229,3594,2513,528,2215,1845,495,511,3491,1197,609,3498,623,3086,2278,1440,1059,111,2176,1691,3764,2573,3985,2147,980,584,2953,224,115,1282,3653
1256,512,972,2935,381,2368,903,2235,2830,3253,2157,311,2607,1035,3062,3792,0,3140,2515,1951,1278,745,417,3046,2741,3386,3031,2878,2289,801,3782,2812,1916,583,2762,1841,3330,865,2045,3567,150,3247,467,2966,2792,159,1649,969,3388,2490
2601,739,606,2301,1530,446,55,1139,443,3969,480,462,1011,749,1225,2104,3197,3101,2612,2606,3767,2317,3295,2393,1084,2714,52,1334,40,2884,3129,2853,1469,923,3061,2367,634,918,1363,619,3883,486,1821,1380,1007,773,3082,1778,1752,33
522,2644,3010,3178,1553,3000,2981,709,3739,1936,2306,304,1476,795,2940,901,3899,101,4022,4039,850,3745,731,2023,1649,2768,801,2061,4040,2581,2328,2289,2442,2732,2553,3852,721,4087,2990,3155,3067,2271,1298,1714,2788,600,4012,697,109,2950
4049,1043,1717,3623,316,2213,1761,1014,1260,92,205,4094,863,2709,1155,3037,1805,1512,2015,1012,650,3819,3321,2939,3008,497,2652,2833,1971,2944,3783,2149,2926,2483,133,3239,3533,293,3199,151,3734,2554,3715,596,3313,3956,3007,327,1718,919
3153,704,34,847,3941,922,377,244,2922,3214,25,1441,3904,946,377,1990,2325,1597,3031,1108,0,3523,644,3907,2262,2709,869,2165,3422,3177,1752,3322,718,2172,902,3042,528,2523,193,1307,292,2688,3861,1132,3204,2279,738,3863,3609,1010
4053,186,2004,2164,284,2888,915,3491,2283,3936,377,3516,3269,2687,3087,1316,3897,664,2279,803,106,0,116,482,476,2707,3045,3973,1116,3697,1879,652,1212,389,2136,3208,32,504,152,2079,761,2603,522,3456,1047,3610,2584,3419,1378,1297
2339,587,2170,730,430,580,46,3003,3193,274,2035,1625,50,530,3266,3233,2706,2740,2811,944,1036,1557,0,3640,22,1085,2529,3316,2210,3799,1316,1125,1772,3907,2605,727,536,2512,2966,2956,2862,3461,2349,634,4063,406,249,3690,3804,3195
2583,3016,3071,102,3917,67,297,978,701,2775,332,191,3086,1851,2190,2554,1860,2821,2236,502,1341,4005,2025,0,1783,2886,2011,846,1949,1262,3823,3570,1242,3511,730,1642,2672,1149,744,362,2364,1787,1468,3031,1850,3748,3651,513,2656,1572
756,1005,2845,3182,1357,1776,1293,780,3578,2154,63,3028,3834,1251,2483,1941,3696,904,139,3964,1220,1255,1588,831,2516,2129,528,624,3167,496,424,760,3031,613,3836,2987,1203,3918,433,1843,2526,2568,3305,3368,872,2361,1127,27,2230,2116
811,868,855,152,2885,2108,3541,2691,1668,3390,3331,2059,3227,746,1597,3756,2120,2656,3956,479,3509,1930,276,3444,2817,62,1782,1174,1227,651,2351,2485,3659,985,1856,3782,45,796,2920,1020,1718,1599,1744,1786,2050,231,617,3808,207,2208
408,1059,1065,2593,3792,2625,296,3286,1257,3151,719,250,1639,1234,948,1696,627,1119,763,3714,884,3137,2711,2762,2359,439,1544,614,2900,1509,2103,153,2018,860,2233,2506,453,3958,1969,3351,2995,3152,2281,1621,2331,1806,986,344,3706,249
1895,3972,513,3312,1114,1106,1542,914,390,1589,3714,319,2462,3955,540,550,3177,194,268,717,3194,1186,3699,1136,35,2827,1848,3760,4039,2253,3703,3665,133,1846,3634,930,3435,1165,2005,2122,3669,3661,1618,2077,3786,3642,731,3259,3545,2496
793,2423,3626,1430,4079,1225,3690,2119,4007,3266,3724,1907,4062,3818,1621,3837,159,1845,2802,326,2149,1281,2640,2410,1418,533,1117,909,0,2600,2692,409,3570,3113,2545,487,1480,164,1922,3542,3521,1335,2190,1966,667,1479,15,1955,2549,3563
2860,2868,450,642,3491,2876,2395,2343,1845,4074,690,223,1274,3732,959,3646,2684,1082,1254,2856,2578,2287,1458,540,2459,3569,1521,258,3717,3688,3348,3780,173,1936,3501,3484,3800,1015,3777,1131,1543,1062,316,3907,2458,3086,1380,2136,2908,95
350,1065,2796,580,557,0,3822,2387,1585,3062,314,188,2726,1944,2903,4042,614,3609,60,1584,730,3662,2875,964,663,2775,246,129,94,1761,0,1756,2309,1633,2372,2802,2243,108,1537,4067,1330,371,160,2823,491,2524,1240,298,2572,3330
2548,4079,3233,668,476,3813,3522,1202,1123,1588,2632,3735,2709,3912,3759,507,3789,807,1396,2577,12,3117,2443,2387,332,1101,3721,307,2477,1228,2116,2853,484,3761,267,982,1228,966,992,3377,2390,260,2623,178,3702,2862,3566,3355,808,158
1065,2020,3469,3876,3326,268,165,586,492,1600,33,3348,3486,116,3776,1937,2060,2490,3308,1337,2910,1785,4080,389,2527,1535,3160,2784,2107,438,4010,492,0,2582,3315,2508,925,975,2682,578,3619,1939,994,2800,1854,3456,2219,1640,2911,2030
338,3923,1645,1214,1796,940,1573,1827,548,2996,2927,937,86,784,542,148,2020,178,1370,84,3070,256,2784,3418,697,3121,3601,1281,3088,2900,2178,3003,2943,0,144,1989,1078,896,2499,3414,3293,2641,3349,1439,3265,3027,392,3124,3766,585
1798,3054,3560,2402,2442,1502,288,3174,659,1336,4084,152,3587,2927,381,3624,4014,3772,682,66,3593,2787,707,2398,1722,1889,173,2020,3647,3047,2508,3690,1011,3424,0,1119,1251,2861,1219,3203,2141,2452,1809,3269,3449,1624,2002,2225,3504,78
3529,1790,3357,2264,1519,2665,1339,1271,2871,1715,484,335,2583,1949,357,676,3143,2704,3733,568,3276,2646,991,2768,3839,2040,3303,534,56,3195,557,2112,194,673,273,371,2457,803,767,3859,3182,1057,133,994,2281,61,3798,3965,1696,2904
2505,2276,3922,1743,2523,2543,2198,2794,1009,2255,598,1397,130,4092,1239,2849,3580,1828,3901,134,2056,2962,2902,216,3771,1581,3723,3977,1850,2884,2928,2947,3310,449,935,337,0,1681,533,3792,2432,419,321,1180,2862,1699,1124,2491,1311,93
3781,2300,1433,946,2775,3664,869,2463,1552,3955,3411,3079,2839,3199,2260,1698,2294,4055,3980,3983,521,2150,1396,17,2548,1866,172,1770,1873,2970,1295,2476,2985,753,1525,382,3530,344,172,3135,3141,321,1820,782,2435,2780,2467,2420,214,3994
2151,3522,3595,3338,2785,2573,1147,426,2258,3168,4,261,620,352,1582,3140,2001,2410,228,3332,476,519,1171,2105,3391,122,481,2191,3524,2807,1723,2754,1992,3279,320,2278,869,706,735,3528,1551,323,1756,3996,3585,315,2445,2739,2830,426
2258,2351,3914,2317,2228,1241,1754,3617,1180,1463,2713,595,644,3703,1723,3190,3674,1204,2254,50,936,3746,1278,4070,533,2673,829,3958,2961,2208,1713,3473,443,3546,3721,904,894,3568,3645,0,639,556,2983,64,2457,2886,2437,3783,1449,2245
862,879,868,3015,66,625,3815,305,1986,1287,854,2897,3930,1180,58,1737,998,1532,279,3417,2054,2574,3947,2428,1274,2572,3594,1570,78,2884,496,1113,2407,3399,2671,1998,2976,1589,3265,2640,0,2812,3146,1732,1475,2442,3721,2582,1717,3800
3522,1772,475,417,4037,1753,3045,2152,993,2063,224,4047,1259,1538,1749,2473,507,3379,1922,1102,440,2246,718,1015,2359,1596,3783,2571,2030,3619,1434,570,3542,3836,1710,867,1197,1971,1974,1386,3246,348,2533,2141,1462,2181,2947,2641,2212,2791
3885,1243,2659,1909,2884,45,2678,3247,3980,444,1546,302,721,3818,557,2741,2106,442,2144,3611,572,1831,1750,22,64,2090,922,3496,1027,4050,1545,392,1451,1123,3134,954,3369,4006,2665,1106,1515,2693,0,1180,2495,1968,2637,393,3537,3040
2767,1506,687,1922,591,3918,2685,1021,1446,3080,2661,921,4047,2576,2599,375,4073,99,3662,657,3069,1037,2936,2982,1911,2491,3712,3805,821,806,17,3415,2075,387,3673,2179,1503,2528,1926,2028,3477,1246,1293,1286,829,3039,3650,135,2236,2097
2146,379,2895,4052,3574,3069,3370,2094,3101,2967,461,1288,858,1696,1376,1265,3599,3358,286,1312,3416,1366,3231,2094,3172,3951,922,2124,3388,2473,2056,3203,1104,882,625,2879,1167,3440,2680,1514,1435,886,3770,189,1785,798,2022,2323,3331,3536
3238,1525,3443,3806,3094,403,642,3031,3182,2798,2239,2193,2157,1660,1210,2712,771,1665,3839,2193,140,872,2449,337,1824,3005,63,2885,2962,1441,1266,1259,2376,1243,1945,133,3131,3468,1100,2805,3044,750,282,1077,111,0,348,3062,1647,271
1339,3855,2434,2178,1753,2912,3008,2819,2446,4001,3698,1341,1170,1770,1037,3975,1696,3782,2327,1398,819,951,665,2215,1618,3681,3558,3004,3389,2112,2024,3431,1718,258,3144,1371,2985,2260,1264,1092,3332,1328,4076,497,3452,2448,3150,584,2551,1729
2576,3109,2493,1565,991,1121,3911,1179,244,323,2141,1772,4052,1992,1207,3023,3340,2422,381,2324,2072,3041,174,1270,567,1666,1998,3677,3942,3626,1449,2554,21,2751,761,585,900,896,1519,3314,2120,3438,3218,1550,268,879,487,0,523,700
2042,961,460,118,256,2554,2962,2222,599,2178,28,463,975,2102,2265,3385,2250,3265,3095,493,4069,3356,3002,254,214,1991,2300,958,3048,3411,2830,1851,428,3332,987,1870,3741,50,2651,3653,3546,1880,2685,2228,1030,3659,604,3186,0,2331
1142,3895,3267,622,1955,2200,1781,2496,2260,1174,923,510,1656,733,1455,3354,491,1383,731,592,496,383,2488,3909,1234,3084,386,3834,2332,3484,3918,2693,1595,1933,3602,3801,2258,1840,374,2943,2364,3900,773,3527,479,2487,243,1681,2657,2668
