3585,1529,849,3,1729,1632,2743,3632,1446,2735,2235,1,1055,77,2420,1434,3364,31,1267,1050,1790,3649,621,2131,2391,3398,1597,2442,2547,1444,1227,1248,3330,611,3172,915,3345,1229,2706,1578,1129,2567,3120,1221,3997,2451,803,1024,2869,255
277,3402,3294,1046,202,2491,1045,3852,1126,1421,1035,2947,2586,3223,702,3429,3572,1028,3068,689,3768,976,1339,1812,2880,2615,2469,1519,2462,2052,339,2841,1422,1095,1813,4026,4067,451,795,2938,829,3306,71,911,637,3580,243,3236,3371,1317
3712,2675,987,2767,1612,677,2022,1865,668,14,853,3434,2346,3866,743,1458,3929,1787,1488,514,614,817,2109,1696,2080,3407,1398,2698,2810,2767,3225,3828,3245,3317,1919,1472,2482,2276,1902,225,1301,369,1721,918,550,505,1981,3511,1642,3614
3734,740,690,3569,623,1443,3451,1467,1468,166,4027,2895,1153,3413,2468,3881,2473,3070,2482,1281,2243,3673,1166,713,3112,2348,2023,3329,2298,763,1384,3959,2595,145,2248,128,837,1811,1257,2887,1381,735,2890,16,971,3978,118,1460,320,3244
1229,458,2895,2823,2210,4011,168,2666,1557,1684,1824,483,33,3276,3225,342,1683,1779,246,1493,659,2289,1726,2803,999,3588,1382,1751,1503,426,1170,3999,1870,1777,184,95,1944,3431,591,1245,2786,2816,2480,418,1286,1882,979,2123,1995,1773
2838,476,2476,1018,2615,2527,270,2044,3411,96,867,392,1711,695,1323,2136,1004,51,3162,3507,757,403,3519,3324,3494,2906,1528,1220,3726,2227,100,1172,243,1111,2771,1555,2338,3555,3335,2497,2950,1557,1534,3254,1619,61,4096,1814,1537,2540
961,1131,1926,2498,335,2028,1472,4022,3498,2466,630,3126,3740,179,2906,1195,2288,1232,4016,2896,228,1871,3130,2393,3570,328,1959,3769,3265,3172,349,964,195,2458,1754,1497,837,1713,1662,2295,435,2014,3203,2045,1038,3058,2164,2076,3424,1648
135,751,56,186,3451,1711,3276,864,755,233,3853,2695,733,2477,3361,448,544,691,1765,1907,1615,859,1559,2724,1592,2775,894,940,1084,2207,227,1795,3108,776,858,107,1741,870,994,202,61,3587,181,3746,854,2802,1871,4079,1999,1791
3936,817,4028,2797,3483,1574,2980,1708,3753,3889,3820,1711,2916,3173,471,850,3058,1136,2220,440,682,2973,287,1939,2340,3930,1827,887,2004,3027,2390,458,2409,1617,1583,2274,1482,2849,1101,2097,3218,751,2178,1143,4035,2,1920,2975,1130,4044
1294,2022,2153,131,3500,859,2245,3360,3886,381,51,3178,2469,957,634,3659,28,1793,3131,1933,492,1313,2436,3174,1547,2975,4006,364,1931,3956,1914,1504,2041,4037,2117,3212,1543,1520,665,1117,2900,566,1007,3871,1583,1689,2782,2150,2226,114
2776,2828,873,2920,215,1072,1174,3324,2724,3629,2241,131,3204,4047,3706,1436,974,694,1050,2903,1220,762,1851,387,3817,1821,3932,3110,679,3548,1171,1280,740,2743,3074,2299,2304,3420,563,4087,1285,907,3058,2912,4001,3770,3906,3858,3841,288
3978,1126,427,3168,1051,890,1102,27,3834,3575,3903,3688,56,2323,1384,3643,2996,1675,3078,176,737,256,571,586,3790,3902,2001,713,2859,2965,266,3218,885,3266,2807,1589,1996,2006,3425,3611,546,2524,3489,3459,1480,1756,2247,3008,1599,3701
3027,755,1351,193,3414,169,2209,3639,2419,933,726,1705,161,1282,1082,3090,2172,317,3521,35,1085,789,1195,1022,506,3173,663,183,3597,2362,1571,1888,241,1524,1588,1215,2925,1667,4012,4080,3252,3730,965,3010,1483,1696,171,2193,690,2005
3479,1807,427,926,251,3634,909,3313,3336,2285,2114,2042,3740,2075,2550,526,2907,1752,1089,1555,2905,687,3916,1567,1934,1129,2290,2340,2485,1357,1841,950,1819,289,4066,3362,165,735,722,2330,2078,2938,288,3167,3996,331,1247,3341,4,3457
1483,3708,1204,416,2426,1804,1540,2869,3459,1259,1480,2958,1504,1090,264,2589,2048,1607,79,342,3663,1980,52,496,2748,2927,1012,1689,1218,4037,2206,1489,229,2582,1229,1812,1733,2633,2441,3812,265,4031,3814,858,250,3429,964,505,2866,705
836,1295,847,330,3541,2384,3020,2332,1285,2591,1816,1524,837,54,2543,73,3206,2089,1208,198,1520,3119,126,3798,3933,2709,4012,2997,1844,1065,4060,1415,1963,3288,1809,1663,3217,2308,2249,806,686,2636,3515,1929,1702,4068,14,2138,3345,3223
2564,2336,530,480,2599,3026,2886,1642,1604,559,3743,1530,2390,1148,2856,233,2779,1991,404,3487,2672,1391,3963,210,2259,1189,1630,1304,3141,1125,3212,450,1362,993,3362,3658,217,3348,1633,1748,3295,2105,2980,474,2073,67,3401,2920,3752,1282
625,1527,2099,1220,2612,3339,3567,2766,879,3751,1849,2440,3727,1973,3030,2522,3215,2813,4024,2407,2690,1594,1832,3564,3012,3880,1193,32,1817,3823,3250,2554,366,1100,1598,3344,1778,657,1130,1327,617,3809,2088,877,2293,2034,1888,276,2849,2075
3417,185,2818,2656,429,1617,3597,1795,1819,3867,3208,3495,165,1787,84,2357,1489,1606,1042,6,609,2521,1207,34,2747,3894,1208,2632,3137,136,2552,3682,1751,2906,3876,2591,1324,1027,2926,3519,2426,2156,1613,3647,2371,1518,2537,356,362,2872
1546,947,1013,1284,2885,645,2023,4065,2246,1543,844,2163,4039,1192,3553,3310,1035,4092,801,2798,1931,2076,302,1433,2597,1694,1664,4090,1456,200,867,3521,1417,3169,1604,2439,502,629,883,2139,531,958,3638,3120,793,1580,2820,1408,1028,3231
4002,1467,349,1067,543,1669,1067,3145,3357,541,125,3112,77,2434,905,2494,381,1737,2194,1885,1946,2534,455,2399,993,1271,2354,1377,1448,3559,3948,3718,3192,1863,3935,2946,2283,3758,1142,2309,2608,772,44,2687,1793,2016,896,2219,1199,1346
992,650,1971,234,1302,3639,642,2943,3700,68,2239,314,1283,2913,135,834,2980,2550,3881,3882,1217,2193,2570,1624,1539,602,3853,1107,2386,2879,3491,2062,689,2541,4053,354,1371,704,3638,2342,3620,2270,574,3163,2704,3212,501,3788,3691,135
2539,2054,2828,771,628,798,2361,3932,1821,1104,2447,3832,3841,2112,276,59,986,3339,1148,145,3630,1386,661,1574,241,3009,2402,1804,4008,229,2700,1600,2196,682,2697,54,2805,3592,4047,625,3373,2167,3154,1525,846,3570,232,512,336,3192
1792,553,2504,3523,1203,168,3374,3911,3346,963,1274,3079,2700,1947,2756,1340,3045,3375,2542,1126,1700,606,1959,2688,1744,269,3441,826,785,3110,4031,517,1632,975,2394,1504,198,302,853,240,706,1527,3567,1786,3859,2890,972,3428,227,18
366,2905,3452,2089,295,1231,2946,4011,3667,3250,1329,838,3450,3,3341,4024,1897,1688,945,2872,3233,1003,1362,164,2695,2575,760,1324,2190,6,3465,2453,2392,2475,2890,950,3023,977,1505,899,3209,2031,1788,390,2832,3650,3476,3461,347,406
1121,308,2235,356,2456,842,2879,3553,536,2529,3727,258,1118,1067,2594,3099,1151,162,598,769,1535,2481,3038,52,1227,86,287,3648,2113,2499,912,1521,2209,1533,2540,3735,1477,1620,2530,1017,1544,235,37,1617,2570,1717,4048,510,2948,1525
3640,3739,133,565,4027,1483,472,2705,1027,2061,1080,577,3726,3149,3111,1775,4055,1057,908,1985,2827,1657,1763,2827,2534,1822,186,117,2118,2698,1872,3207,539,1787,2673,1212,2449,3324,1670,247,3713,2013,2202,2177,236,3450,290,257,1308,659
2332,2895,1703,2313,3695,1084,1206,2782,1419,1180,2340,1198,3588,1712,2524,3096,1439,1777,2074,3147,2021,2924,66,2197,284,789,1742,1204,3420,1295,382,696,871,3341,56,1606,2383,1327,1574,1963,318,3789,793,1224,3183,3721,3878,1558,2843,4036
2835,3720,995,1036,709,956,891,2493,3913,755,18,2774,2686,3325,30,241,499,176,2784,737,259,1077,91,2965,3832,3735,2424,3937,3905,54,3876,1300,3041,3327,4024,1298,1388,3336,2727,1026,4055,3918,4048,2267,3397,171,2138,2320,9,2950
2138,1401,1432,2054,4073,3154,1816,2755,1298,474,2729,1494,413,863,3824,2521,3669,3207,1305,1182,3567,2202,1726,3827,3170,3911,404,3689,1472,457,3360,3719,1368,520,3337,1320,3188,194,728,460,26,749,3051,3028,1067,2596,312,1730,482,2679
3432,2287,2731,986,3385,1315,521,1042,3064,527,1658,848,2415,1515,3721,1935,1215,1768,1952,1729,3133,16,1377,3556,460,2338,2247,3070,1637,1855,2505,1628,2815,2399,2524,3342,2239,113,3921,3674,1773,3833,1434,3795,2145,3217,2219,2749,2076,3797
421,727,1668,3847,2463,3308,1661,1731,2365,431,1893,3717,768,3690,1369,2894,1457,1867,3746,322,2594,3557,2603,4003,2976,1753,1913,2408,3608,399,507,1575,2430,2186,1294,499,2864,1595,746,2101,2583,3029,887,2653,193,2014,1182,1632,334,3544
3092,2733,2828,2588,1413,3375,367,117,2224,1522,2900,3186,3034,3309,3366,271,671,3798,1186,1207,1280,4091,443,1771,3118,3895,3181,4029,3627,2055,910,217,1010,2563,2398,723,1720,465,1306,2359,321,985,3764,4038,2526,3057,2443,892,887,284
3274,25,3304,1255,861,1064,1965,3953,465,1096,1419,756,108,2980,513,3723,3866,2101,3523,1496,113,1616,695,1663,2773,1043,835,3709,2074,3969,3477,1370,2290,1091,3100,3148,1892,2323,3948,3284,2123,3605,3096,3943,1008,3600,929,3339,1679,2027
1616,2209,128,3135,535,1814,881,2998,3776,3145,898,3862,1020,2839,4001,1052,3247,2763,2370,2132,1976,287,675,3146,3149,3036,1156,1156,487,2031,3821,2580,2028,3630,3268,1248,2453,3332,570,3744,976,2845,384,1643,633,2336,1608,2255,3523,1762
380,1708,3331,1893,279,1029,1235,2392,719,1616,2856,3465,736,513,1547,3124,273,2146,776,3518,2215,2022,2410,2887,829,133,2423,3098,1082,242,2527,2924,384,3201,2977,3114,3049,639,574,267,1493,3921,3687,1044,485,2586,709,2500,2355,262
1560,840,2492,374,3201,2867,3011,3516,3709,790,2651,507,1626,3279,1477,1760,2888,2269,4055,2582,3189,707,3301,1737,3036,2490,514,901,323,3826,168,3119,3159,918,2546,945,4019,1378,1308,1688,3029,2429,703,1768,535,1374,677,1193,3465,2969
3778,1897,1548,2004,947,357,586,2428,3499,668,71,2043,2271,2042,130,2066,1343,3618,2599,1980,2169,2301,2949,2883,993,1502,1640,1479,2011,1270,4007,659,2192,3108,2907,3372,2448,2632,943,485,4026,88,1355,2992,193,3251,797,285,2027,2343
1427,3874,1844,466,2285,3076,1630,700,302,3850,3449,2228,2037,2319,1724,1444,3760,3016,1710,2942,1054,2718,1861,1552,824,1519,1672,2513,524,1622,3244,928,1442,3663,564,438,2678,2170,1908,852,2362,3684,3712,2717,1268,1754,2488,1986,2245,2607
3260,3844,1338,739,3026,3155,2833,1815,2499,2511,3485,4080,2744,2531,1960,1378,2973,2582,868,1994,2620,2336,1702,240,2893,1729,3991,2627,220,2791,3014,1446,1611,3678,14,24,2423,3158,3318,1645,2835,1059,520,2730,3850,1997,718,1569,149,1654
2899,2358,3590,2401,1944,2523,372,4002,3808,2248,1386,24,2178,662,303,1178,3925,1152,3621,1205,3622,1377,1783,2197,2553,1127,752,3125,1283,1527,397,2903,2958,1514,1351,711,942,1971,2213,189,849,3691,148,1355,3512,2696,1355,3012,318,341
2433,3869,3916,1494,1769,166,3131,3697,3183,2355,1873,2631,1812,911,2115,430,413,667,2841,312,2779,3515,2712,1531,41,1269,1500,2732,3319,2818,2569,1327,714,3897,465,3033,483,2066,61,534,3947,2292,1665,998,2591,2867,919,3964,130,64
1429,2832,835,3888,2808,3217,3607,1370,2880,1176,3913,3577,3691,2975,3321,2859,895,3829,1656,1132,2052,1360,2583,199,3689,2906,2461,3834,3755,2585,2184,2613,3984,3098,814,3129,318,535,3678,1279,3808,2252,3799,1869,2299,3032,824,3866,650,369
237,332,1780,2492,227,3907,1538,3658,2539,3052,1879,2739,1826,2878,3424,228,1064,1981,1727,2541,940,1572,2231,823,3532,2241,2607,932,1473,1351,771,2700,2080,955,3707,1829,245,856,3023,697,1535,1847,2869,950,3669,2958,3745,0,1809,3301
3641,718,1502,974,1644,2499,1144,1048,3103,3718,1371,3937,3498,2782,3493,1696,3807,1069,175,1249,618,2793,2822,2870,3244,3318,1754,3937,3636,2639,1311,2414,2356,1647,76,1598,2488,3404,3639,1286,1063,1101,3010,529,1868,3959,2283,3183,4079,762
796,1240,803,95,2839,3085,1984,2826,3980,1460,3735,2962,446,2830,960,902,2133,3176,2517,3091,2720,2523,1869,3106,3321,2449,1240,1810,1335,226,2756,2145,538,1763,2567,3609,445,2035,1236,3938,710,2494,3725,2879,1012,3742,3834,3345,1430,2773
1482,3523,871,3497,3522,182,1383,1356,3333,2076,1499,1268,633,2640,3459,3528,3136,2150,3029,1019,2923,3667,2389,3011,2803,2374,1752,192,3220,1484,2212,1131,898,3678,3510,3620,4085,3694,1409,1154,3745,2601,2574,2507,2720,1199,913,3386,4063,482
648,238,3957,876,1556,1189,1023,954,3714,3371,2240,997,1469,348,1048,705,3201,3331,1305,3698,666,3873,1894,686,1475,3128,117,1208,3082,1893,3717,2022,2354,4071,3193,3252,1054,3882,3896,1079,3548,3780,2818,2007,3669,2113,3715,1133,367,184
727,3095,1925,1397,3472,141,3106,1820,2657,2114,300,2293,918,1209,3039,1477,1381,2661,3007,3867,3449,1565,2411,1382,1952,3123,4026,2955,1890,1364,3249,2048,2875,2817,3096,1996,2689,2647,3502,1172,3207,3832,2499,1960,2516,1808,2563,3111,3229,609
2031,1437,1624,1401,3373,143,2555,1460,3552,2960,1952,507,1444,3162,3317,3908,2606,2964,3119,2006,1105,930,1004,1305,2488,409,1708,1566,1764,387,1654,1952,1208,2738,720,2132,628,499,2370,3535,3581,1245,2670,875,2275,3528,4006,3123,3818,2510
